184   60    1.270732
3     1     0.000326
630   207   47.317436
61    20    0.056603
14    3     0.002865
630   134   18.844747
275   62    2.210935
192   55    0.903004
630   207   47.622929
275   48    1.366023
630   161   23.601061
192   45    0.791997
630   219   63.214395
117   38    0.263403
26    6     0.008016
3     1     0.000233
630   174   19.068594
61    13    0.039869
3     1     0.000243
26    6     0.007589
93    29    0.132296
630   219   61.175414
192   45    0.790930
275   48    1.438665
26    6     0.008002
26    6     0.011172
630   134   19.520760
3     1     0.000295
591   194   32.790876
14    3     0.002785
26    6     0.009566
61    13    0.054506
630   174   17.836247
240   70    1.615090
3     1     0.000335
3     1     0.000300
460   55    5.968608
3     1     0.000077
3     1     0.000390
184   72    0.968038
14    1     0.001937
26    5     0.009122
184   63    1.027787
61    18    0.076656
14    1     0.002430
184   72    0.959312
184   60    1.234809
