184   16    0.706375
3     1     0.000300
630   39    11.216176
61    8     0.062122
14    2     0.003015
630   41    12.762190
275   25    1.963197
192   18    0.735021
630   39    11.354850
275   23    1.569588
630   40    12.023998
192   19    0.734138
630   39    11.797756
117   12    0.200391
26    3     0.010890
3     1     0.000281
630   39    14.477495
61    7     0.059843
3     1     0.000258
26    3     0.008948
93    12    0.125392
630   39    11.764345
192   19    0.651417
275   23    1.601566
26    3     0.009451
26    3     0.009702
630   41    11.714445
3     1     0.000352
591   48    10.745790
14    2     0.003642
26    3     0.010485
61    7     0.052962
630   39    11.224987
240   26    1.241975
3     1     0.000256
3     1     0.000220
460   22    6.802711
3     1     0.000357
3     1     0.000293
184   15    0.634951
14    2     0.002886
26    3     0.009229
184   14    0.630875
61    8     0.055489
14    2     0.002979
184   15    0.636878
184   16    0.654569
