275   9     338.221049
26    3     0.011729
14    2     0.003685
61    7     0.090896
26    3     0.008224
275   9     338.093140
192   10    8.428808
14    2     0.001954
117   9     0.206544
3     1     0.000145
14    2     0.002009
184   8     1.720200
192   9     9.081992
184   8     1.732630
240   18    23.378573
3     1     0.000193
3     1     0.000127
61    7     0.069056
3     1     0.000135
3     1     0.000132
14    2     0.002485
3     1     0.000157
26    3     0.007802
184   8     1.473138
26    3     0.006052
275   9     268.739285
26    3     0.006196
93    9     0.131536
3     1     0.000120
192   9     8.987511
184   8     1.722089
61    7     0.059705
26    3     0.006030
3     1     0.000132
61    6     0.069054
184   8     1.475105
