184   57    0.151952
3     1     0.000109
630   205   14.251421
61    19    0.009943
14    3     0.000777
630   124   111.897888
275   59    1.260656
192   50    0.134883
630   205   15.204625
275   43    1.533280
630   155   61.570386
192   43    0.232135
630   217   6.181390
117   38    0.034519
26    8     0.001683
3     1     0.000064
630   167   97.509272
61    12    0.011810
3     1     0.000109
26    8     0.001724
93    29    0.024734
630   217   6.092968
192   43    0.233446
275   43    1.508459
26    8     0.001840
26    8     0.001870
630   124   110.389364
3     1     0.000081
591   185   7.269655
14    3     0.000722
26    8     0.001675
61    12    0.011780
630   167   98.751346
240   65    0.379625
3     1     0.000099
3     1     0.000071
460   28    3.249240
3     3     0.000088
3     1     0.000087
184   69    0.128617
14    5     0.000640
26    9     0.001751
184   61    0.097548
61    17    0.012049
14    5     0.000665
184   69    0.129425
184   57    0.099703
