3     1     0.001992
26    8     0.002163
93    33    0.003411
240   70    0.010487
591   205   0.055145
1518  525   0.344102
3005  969   1.418339
5236  1694  3.875576
8483  2672  10.612451
3     1     0.002045
14    3     0.002218
61    19    0.002986
184   58    0.008114
460   30    0.024721
184   57    0.008288
3     1     0.001581
14    5     0.001682
61    17    0.002475
184   73    0.008556
184   64    0.008394
3     1     0.002100
14    3     0.002093
3     1     0.001996
26    8     0.002213
61    12    0.002339
192   45    0.006459
275   47    0.008933
630   140   0.041733
1494  115   0.236102
630   211   0.062394
630   178   0.051198
630   233   0.074312
3     1     0.001981
26    8     0.002259
61    12    0.002284
192   44    0.006724
275   50    0.009301
630   140   0.041137
3     1     0.002077
26    8     0.002313
117   40    0.004573
192   55    0.007850
275   65    0.013059
630   170   0.047431
